8.058455657958984375e+01 2.519659793782237589e+00
8.204730224609375000e+01 2.360800118106790801e+00
8.353660583496093750e+01 2.216729921695416827e+00
8.505294036865234375e+01 2.080764626155405139e+00
8.659680175781250000e+01 1.956779334894346523e+00
8.816867828369140625e+01 1.834132918826838932e+00
8.976910400390625000e+01 1.727305455653334709e+00
9.139857482910156250e+01 1.632942937949500628e+00
9.305761718750000000e+01 1.535846895775324406e+00
9.474676513671875000e+01 1.443207214624119050e+00
9.646659088134765625e+01 1.360104004470612082e+00
9.821763610839843750e+01 1.282454753318517549e+00
1.000004577636718750e+02 1.208949929352447050e+00
1.018156433105468750e+02 1.142383774664623930e+00
1.036637802124023438e+02 1.078271701124129178e+00
1.055454559326171875e+02 1.015787289895130341e+00
1.074612884521484375e+02 9.606896031589006180e-01
1.094118957519531250e+02 9.097818612538142169e-01
1.113979187011718750e+02 8.593822214178019614e-01
1.134199905395507812e+02 8.126046873100383205e-01
1.154787521362304688e+02 7.666160084405628794e-01
1.175748901367187500e+02 7.219960892956188703e-01
1.197090988159179688e+02 6.853307354478045399e-01
1.218820190429687500e+02 6.487060022813604387e-01
1.240943984985351562e+02 6.138469318493412485e-01
1.263469085693359375e+02 5.809798755162483008e-01
1.286403503417968750e+02 5.503750600863247522e-01
1.309754028320312500e+02 5.233704329802760791e-01
1.333528289794921875e+02 4.967808957993595786e-01
1.357734222412109375e+02 4.710428172854065343e-01
1.382379455566406250e+02 4.450149297273593985e-01
1.407472076416015625e+02 4.223942896287665727e-01
1.433020172119140625e+02 4.026029056666627914e-01
1.459031982421875000e+02 3.829734309511547141e-01
1.485516052246093750e+02 3.624756009410691759e-01
1.512480773925781250e+02 3.444630058695102304e-01
1.539934997558593750e+02 3.265320767015829073e-01
1.567887268066406250e+02 3.109984335086937723e-01
1.596347351074218750e+02 2.955443548234200635e-01
1.625323791503906250e+02 2.815015473379906541e-01
1.654826354980468750e+02 2.668329383059327986e-01
1.684864044189453125e+02 2.531491229271559118e-01
1.715447692871093750e+02 2.413210821334623168e-01
1.746585998535156250e+02 2.300092576940852285e-01
1.778289642333984375e+02 2.189295543035369440e-01
1.810568542480468750e+02 2.083578414561300385e-01
1.843433837890625000e+02 1.989882928095599024e-01
1.876895294189453125e+02 1.907487663173871029e-01
1.910964202880859375e+02 1.835055403936771412e-01
1.945651397705078125e+02 1.760171282399234094e-01
1.980968475341796875e+02 1.692475187982783735e-01
2.016926727294921875e+02 1.631679210098002653e-01
2.053537139892578125e+02 1.576636867479860038e-01
2.090812530517578125e+02 1.522835074893821306e-01
2.128764495849609375e+02 1.464435298582558997e-01
2.167405395507812500e+02 1.405838542785849132e-01
2.206747589111328125e+02 1.347894037060910488e-01
2.246803894042968750e+02 1.294841353182619448e-01
2.287587280273437500e+02 1.244503640325590466e-01
2.329111328125000000e+02 1.190789493400657012e-01
2.371388549804687500e+02 1.137743690183763146e-01
2.414433441162109375e+02 1.093747983944630409e-01
2.458259582519531250e+02 1.056057975369215640e-01
2.502881622314453125e+02 1.020354171942610688e-01
2.548313140869140625e+02 9.838848811461498034e-02
2.594569396972656250e+02 9.495662627384332533e-02
2.641665344238281250e+02 9.206226253882519861e-02
2.689616394042968750e+02 8.935796578687910108e-02
2.738437500000000000e+02 8.674183933831552951e-02
2.788144836425781250e+02 8.405346251559495108e-02
2.838754882812500000e+02 8.149022918802992232e-02
2.890283203125000000e+02 7.897705581109695783e-02
2.942746887207031250e+02 7.674232265054838076e-02
2.996162719726562500e+02 7.491746164304204092e-02
3.050548400878906250e+02 7.307050186009483861e-02
3.105921630859375000e+02 7.130347905384923357e-02
3.162299194335937500e+02 6.949934287622699935e-02
3.219700622558593750e+02 6.767510334090343083e-02
3.278143615722656250e+02 6.592587834429423921e-02
3.337648010253906250e+02 6.429439213333788816e-02
3.398231811523437500e+02 6.278387795606762967e-02
3.459915771484375000e+02 6.142237720169883841e-02
3.522719726562500000e+02 5.999406217432706745e-02
3.586663208007812500e+02 5.855209250212180250e-02
3.651767272949218750e+02 5.705139566979882532e-02
3.718052978515625000e+02 5.559603620310071131e-02
3.785542602539062500e+02 5.411371226246627919e-02
3.854256896972656250e+02 5.260628364382335942e-02
3.924218444824218750e+02 5.113400477347710554e-02
3.995449523925781250e+02 4.954935418232185584e-02
4.067974243164062500e+02 4.792864995981802739e-02
4.141815490722656250e+02 4.632763557974513280e-02
4.216996459960937500e+02 4.481860556225208264e-02
4.293542480468750000e+02 4.348792315546495119e-02
4.371477661132812500e+02 4.205668680586116537e-02
4.450827636718750000e+02 4.058916404858230187e-02
4.531617736816406250e+02 3.914997371252027653e-02
4.613874511718750000e+02 3.768128374574034739e-02
4.697624511718750000e+02 3.616594074887052868e-02
4.782894897460937500e+02 3.477414841320549538e-02
4.869712829589843750e+02 3.358234534690053563e-02
4.958106079101562500e+02 3.241061642758757272e-02
5.048104858398437500e+02 3.123009144176554924e-02
5.139736938476562500e+02 3.030241635311549733e-02
5.233032226562500000e+02 2.935725021997469264e-02
5.328020019531250000e+02 2.839610268067760748e-02
5.424733886718750000e+02 2.743392830840158877e-02
5.523203125000000000e+02 2.645979673377452449e-02
5.623458251953125000e+02 2.544780665568763256e-02
5.725534057617187500e+02 2.441616590720805183e-02
5.829462280273437500e+02 2.336795053199434632e-02
5.935277709960937500e+02 2.244867632518577488e-02
6.043012695312500000e+02 2.160403008084777268e-02
6.152704467773437500e+02 2.071791687883051819e-02
6.264386596679687500e+02 1.981027620297870842e-02
6.378096923828125000e+02 1.888955476296482958e-02
6.493869628906250000e+02 1.796763628565151844e-02
6.611744384765625000e+02 1.702713045785202162e-02
6.731759643554687500e+02 1.622978185849718868e-02
6.853952636718750000e+02 1.573941044824348282e-02
6.978364257812500000e+02 1.525797451162885440e-02
7.105034179687500000e+02 1.477107463826204600e-02
7.234002685546875000e+02 1.428868522534464808e-02
7.365313720703125000e+02 1.378926354130216754e-02
7.499005737304687500e+02 1.330623313612578490e-02
7.635126342773437500e+02 1.288744379873081602e-02
7.773717651367187500e+02 1.246738709158147322e-02
7.914824829101562500e+02 1.204415165547475380e-02
8.058492431640625000e+02 1.158147899719942468e-02
8.204767456054687500e+02 1.112635181405268250e-02
8.353698730468750000e+02 1.065719804454580595e-02
8.505333251953125000e+02 1.020541702528140852e-02
8.659719848632812500e+02 9.754567152600875091e-03
8.816907958984375000e+02 9.268503676131464170e-03
8.976951904296875000e+02 8.787685612910232924e-03
9.139899291992187500e+02 8.291649318437014499e-03
9.305803833007812500e+02 7.810930276694024246e-03
9.474719238281250000e+02 7.327119514677694553e-03
9.646703491210937500e+02 6.822114498741545241e-03
9.821808471679687500e+02 6.320937874333448087e-03
1.000009155273437500e+03 5.811106769373992377e-03
1.018161071777343750e+03 5.317316290185573370e-03
1.036642578125000000e+03 4.815721423886849470e-03
1.055459350585937500e+03 4.307439675585304426e-03
1.074617797851562500e+03 3.781157387472976715e-03
1.094124023437500000e+03 3.254698784235211806e-03
1.113984252929687500e+03 3.124424037740515352e-03
1.134205078125000000e+03 3.008631375538605313e-03
1.154792846679687500e+03 2.899987382600254567e-03
1.175754272460937500e+03 2.788551907995778182e-03
1.197096435546875000e+03 2.677523113617260361e-03
1.218825805664062500e+03 2.567149254199275251e-03
1.240949584960937500e+03 2.460098006290905269e-03
1.263474975585937500e+03 2.348959530319147827e-03
1.286409301757812500e+03 2.236425565937590412e-03
1.309760009765625000e+03 2.127259673893082664e-03
1.333534423828125000e+03 2.017391184505271627e-03
1.357740478515625000e+03 1.908479668560248430e-03
1.382385742187500000e+03 1.798838068340695168e-03
1.407478637695312500e+03 1.689371339449972963e-03
1.433026733398437500e+03 1.578631384064835318e-03
1.459038696289062500e+03 1.468761902203693766e-03
1.485522705078125000e+03 1.359811013056643706e-03
1.512487670898437500e+03 1.250479607272566955e-03
1.539941894531250000e+03 1.142782214389957132e-03
1.567894409179687500e+03 1.034875301677222687e-03
1.596354736328125000e+03 9.285503848119367560e-04
1.625331298828125000e+03 8.234998977184556680e-04
1.654833984375000000e+03 7.177947566383471433e-04
1.684871826171875000e+03 6.178707082948428804e-04
1.715455322265625000e+03 5.938728499048433977e-04
1.746594116210937500e+03 5.703126368075012729e-04
1.778297729492187500e+03 5.505758420371284793e-04
1.810576904296875000e+03 5.346638054497293742e-04
1.843442138671875000e+03 5.186863278883497999e-04
1.876903808593750000e+03 5.029325884183060390e-04
1.910972900390625000e+03 4.874274573283406912e-04
1.945660400390625000e+03 4.721731147551509050e-04
1.980977539062500000e+03 4.570089813865239794e-04
2.016935913085937500e+03 4.418737135293081915e-04
2.053546630859375000e+03 4.268932535694693704e-04
2.090822021484375000e+03 4.121178684502569507e-04
2.128774414062500000e+03 3.975316742197498128e-04
2.167415039062500000e+03 3.829801728459494630e-04
2.206757568359375000e+03 3.687113215864690164e-04
2.246814208984375000e+03 3.544002177427984504e-04
2.287597900390625000e+03 3.403289138137347361e-04
2.329121826171875000e+03 3.264932633970863340e-04
2.371399414062500000e+03 3.128176363415724362e-04
2.414444580078125000e+03 2.992103105790101586e-04
2.458270996093750000e+03 2.857692378579861363e-04
2.502893066406250000e+03 2.725379045152243268e-04
2.548324707031250000e+03 2.595224933112166236e-04
2.594581298828125000e+03 2.466188970438980819e-04
2.641677490234375000e+03 2.337383812300566823e-04
2.689628662109375000e+03 2.209923951411786895e-04
2.738449951171875000e+03 2.084342657387776526e-04
2.788157714843750000e+03 1.980205669907741332e-04
2.838768066406250000e+03 1.918779098173803356e-04
2.890296386718750000e+03 1.858265298193967623e-04
2.942760742187500000e+03 1.799267535663557304e-04
2.996176269531250000e+03 1.741130927958352162e-04
3.050562500000000000e+03 1.683870537385780803e-04
3.105936035156250000e+03 1.627267839646779788e-04
3.162313964843750000e+03 1.572232713281525274e-04
3.219715332031250000e+03 1.517701390121754877e-04
3.278158935546875000e+03 1.463994576849668764e-04
3.337663330078125000e+03 1.411065101088547610e-04
3.398247558593750000e+03 1.358822816441448934e-04
3.459931640625000000e+03 1.307311367743156476e-04
3.522735595703125000e+03 1.256457366703907252e-04
3.586679687500000000e+03 1.206521196156558096e-04
3.651784179687500000e+03 1.157251247588075675e-04
3.718070068359375000e+03 1.109471705943252534e-04
3.785560058593750000e+03 1.061372142464483720e-04
3.854274414062500000e+03 1.014401797122823728e-04
3.924236083984375000e+03 9.679663711779256437e-05
3.995467773437500000e+03 9.220684456833936823e-05
4.067992919921875000e+03 8.766550913568124160e-05
4.141834472656250000e+03 8.320906204331750071e-05
4.217015625000000000e+03 7.881333004127640527e-05
4.293562011718750000e+03 7.449726358786221863e-05
4.371497558593750000e+03 7.022912549800197255e-05
4.450848632812500000e+03 6.600679603755053794e-05
4.531638671875000000e+03 6.186184893956465176e-05
4.613895507812500000e+03 5.793244607048933682e-05
4.697645996093750000e+03 5.399694669998865491e-05
4.782916992187500000e+03 5.010276577309184483e-05
4.869735351562500000e+03 4.625141823661948554e-05
4.958128906250000000e+03 4.249666318598997804e-05
5.048127929687500000e+03 3.881314162712016326e-05
5.139760253906250000e+03 3.522157566158341823e-05
5.233056152343750000e+03 3.173105631663162706e-05
5.328044433593750000e+03 2.821116264409085085e-05
