1.0000e+04     0.0100      2.0000 
1.0000e+04     0.0122      2.0000 
1.0000e+04     0.0149      2.0000 
1.0000e+04     0.0183      2.0000 
1.0000e+04     0.0223      2.0000 
1.0000e+04     0.0273      2.0000 
1.0000e+04     0.0333      2.0000 
1.0000e+04     0.0408      2.0000 
1.0000e+04     0.0498      2.0000 
1.0000e+04     0.0609      2.0000 
1.0000e+04     0.0744      1.9245 
1.0000e+04     0.0910      1.5700 
1.0000e+04     0.1112      1.2837 
1.0000e+04     0.1359      1.0516 
1.0000e+04     0.1662      0.8599 
1.0000e+04     0.2031      0.7058 
1.0000e+04     0.2482      0.5759 
1.0000e+04     0.3034      0.4695 
1.0000e+04     0.3709      0.3835 
1.0000e+04     0.4533      0.3172 
1.0000e+04     0.5541      0.2600 
1.0000e+04     0.6773      0.2116 
1.0000e+04     0.8278      0.1741 
1.0000e+04     1.0119      0.1444 
1.5013e+04     0.0100      2.0000 
1.5013e+04     0.0122      2.0000 
1.5013e+04     0.0149      2.0000 
1.5013e+04     0.0183      2.0000 
1.5013e+04     0.0223      2.0000 
1.5013e+04     0.0273      2.0000 
1.5013e+04     0.0333      2.0000 
1.5013e+04     0.0408      2.0000 
1.5013e+04     0.0498      2.0000 
1.5013e+04     0.0609      2.0000 
1.5013e+04     0.0744      2.0000 
1.5013e+04     0.0910      1.8720 
1.5013e+04     0.1112      1.5336 
1.5013e+04     0.1359      1.2547 
1.5013e+04     0.1662      1.0262 
1.5013e+04     0.2031      0.8414 
1.5013e+04     0.2482      0.6872 
1.5013e+04     0.3034      0.5641 
1.5013e+04     0.3709      0.4615 
1.5013e+04     0.4533      0.3774 
1.5013e+04     0.5541      0.3077 
1.5013e+04     0.6773      0.2555 
1.5013e+04     0.8278      0.2075 
1.5013e+04     1.0119      0.1714 
1.5013e+04     1.2368      0.1386 
2.2539e+04     0.0100      2.0000 
2.2539e+04     0.0122      2.0000 
2.2539e+04     0.0149      2.0000 
2.2539e+04     0.0183      2.0000 
2.2539e+04     0.0223      2.0000 
2.2539e+04     0.0273      2.0000 
2.2539e+04     0.0333      2.0000 
2.2539e+04     0.0408      2.0000 
2.2539e+04     0.0498      2.0000 
2.2539e+04     0.0609      2.0000 
2.2539e+04     0.0744      2.0000 
2.2539e+04     0.0910      2.0000 
2.2539e+04     0.1112      1.8279 
2.2539e+04     0.1359      1.4982 
2.2539e+04     0.1662      1.2229 
2.2539e+04     0.2031      1.0023 
2.2539e+04     0.2482      0.8204 
2.2539e+04     0.3034      0.6722 
2.2539e+04     0.3709      0.5505 
2.2539e+04     0.4533      0.4495 
2.2539e+04     0.5541      0.3693 
2.2539e+04     0.6773      0.3003 
2.2539e+04     0.8278      0.2448 
2.2539e+04     1.0119      0.2036 
2.2539e+04     1.2368      0.1651 
2.2539e+04     1.5118      0.1361 
3.3839e+04     0.0100      2.0000 
3.3839e+04     0.0122      2.0000 
3.3839e+04     0.0149      2.0000 
3.3839e+04     0.0183      2.0000 
3.3839e+04     0.0223      2.0000 
3.3839e+04     0.0273      2.0000 
3.3839e+04     0.0333      2.0000 
3.3839e+04     0.0408      2.0000 
3.3839e+04     0.0498      2.0000 
3.3839e+04     0.0609      2.0000 
3.3839e+04     0.0744      2.0000 
3.3839e+04     0.0910      2.0000 
3.3839e+04     0.1112      2.0000 
3.3839e+04     0.1359      1.7832 
3.3839e+04     0.1662      1.4580 
3.3839e+04     0.2031      1.1937 
3.3839e+04     0.2482      0.9769 
3.3839e+04     0.3034      0.8000 
3.3839e+04     0.3709      0.6543 
3.3839e+04     0.4533      0.5358 
3.3839e+04     0.5541      0.4399 
3.3839e+04     0.6773      0.3609 
3.3839e+04     0.8278      0.2933 
3.3839e+04     1.0119      0.2426 
3.3839e+04     1.2368      0.1968 
3.3839e+04     1.5118      0.1607 
3.3839e+04     1.8478      0.1327 
5.0802e+04     0.0100      2.0000 
5.0802e+04     0.0122      2.0000 
5.0802e+04     0.0149      2.0000 
5.0802e+04     0.0183      2.0000 
5.0802e+04     0.0223      2.0000 
5.0802e+04     0.0273      2.0000 
5.0802e+04     0.0333      2.0000 
5.0802e+04     0.0408      2.0000 
5.0802e+04     0.0498      2.0000 
5.0802e+04     0.0609      2.0000 
5.0802e+04     0.0744      2.0000 
5.0802e+04     0.0910      2.0000 
5.0802e+04     0.1112      2.0000 
5.0802e+04     0.1359      2.0000 
5.0802e+04     0.1662      1.7518 
5.0802e+04     0.2031      1.4255 
5.0802e+04     0.2482      1.1637 
5.0802e+04     0.3034      0.9526 
5.0802e+04     0.3709      0.7793 
5.0802e+04     0.4533      0.6405 
5.0802e+04     0.5541      0.5241 
5.0802e+04     0.6773      0.4297 
5.0802e+04     0.8278      0.3510 
5.0802e+04     1.0119      0.2873 
5.0802e+04     1.2368      0.2357 
5.0802e+04     1.5118      0.1928 
5.0802e+04     1.8478      0.1583 
5.0802e+04     2.2586      0.1300 
7.6270e+04     0.0100      2.0000 
7.6270e+04     0.0122      2.0000 
7.6270e+04     0.0149      2.0000 
7.6270e+04     0.0183      2.0000 
7.6270e+04     0.0223      2.0000 
7.6270e+04     0.0273      2.0000 
7.6270e+04     0.0333      2.0000 
7.6270e+04     0.0408      2.0000 
7.6270e+04     0.0498      2.0000 
7.6270e+04     0.0609      2.0000 
7.6270e+04     0.0744      2.0000 
7.6270e+04     0.0910      2.0000 
7.6270e+04     0.1112      2.0000 
7.6270e+04     0.1359      2.0000 
7.6270e+04     0.1662      2.0000 
7.6270e+04     0.2031      1.6963 
7.6270e+04     0.2482      1.3909 
7.6270e+04     0.3034      1.1373 
7.6270e+04     0.3709      0.9305 
7.6270e+04     0.4533      0.7631 
7.6270e+04     0.5541      0.6225 
7.6270e+04     0.6773      0.5092 
7.6270e+04     0.8278      0.4179 
7.6270e+04     1.0119      0.3413 
7.6270e+04     1.2368      0.2786 
7.6270e+04     1.5118      0.2312 
7.6270e+04     1.8478      0.1894 
7.6270e+04     2.2586      0.1548 
7.6270e+04     2.7607      0.1263 
1.1450e+05     0.0100      2.0000 
1.1450e+05     0.0122      2.0000 
1.1450e+05     0.0149      2.0000 
1.1450e+05     0.0183      2.0000 
1.1450e+05     0.0223      2.0000 
1.1450e+05     0.0273      2.0000 
1.1450e+05     0.0333      2.0000 
1.1450e+05     0.0408      2.0000 
1.1450e+05     0.0498      2.0000 
1.1450e+05     0.0609      2.0000 
1.1450e+05     0.0744      2.0000 
1.1450e+05     0.0910      2.0000 
1.1450e+05     0.1112      2.0000 
1.1450e+05     0.1359      2.0000 
1.1450e+05     0.1662      2.0000 
1.1450e+05     0.2031      2.0000 
1.1450e+05     0.2482      1.6589 
1.1450e+05     0.3034      1.3561 
1.1450e+05     0.3709      1.1101 
1.1450e+05     0.4533      0.9092 
1.1450e+05     0.5541      0.7450 
1.1450e+05     0.6773      0.6097 
1.1450e+05     0.8278      0.4994 
1.1450e+05     1.0119      0.4073 
1.1450e+05     1.2368      0.3339 
1.1450e+05     1.5118      0.2746 
1.1450e+05     1.8478      0.2243 
1.1450e+05     2.2586      0.1827 
1.1450e+05     2.7607      0.1492 
1.1450e+05     3.3745      0.1242 
1.7191e+05     0.0100      2.0000 
1.7191e+05     0.0122      2.0000 
1.7191e+05     0.0149      2.0000 
1.7191e+05     0.0183      2.0000 
1.7191e+05     0.0223      2.0000 
1.7191e+05     0.0273      2.0000 
1.7191e+05     0.0333      2.0000 
1.7191e+05     0.0408      2.0000 
1.7191e+05     0.0498      2.0000 
1.7191e+05     0.0609      2.0000 
1.7191e+05     0.0744      2.0000 
1.7191e+05     0.0910      2.0000 
1.7191e+05     0.1112      2.0000 
1.7191e+05     0.1359      2.0000 
1.7191e+05     0.1662      2.0000 
1.7191e+05     0.2031      2.0000 
1.7191e+05     0.2482      1.9805 
1.7191e+05     0.3034      1.6147 
1.7191e+05     0.3709      1.3233 
1.7191e+05     0.4533      1.0812 
1.7191e+05     0.5541      0.8875 
1.7191e+05     0.6773      0.7256 
1.7191e+05     0.8278      0.5930 
1.7191e+05     1.0119      0.4852 
1.7191e+05     1.2368      0.3976 
1.7191e+05     1.5118      0.3266 
1.7191e+05     1.8478      0.2669 
1.7191e+05     2.2586      0.2173 
1.7191e+05     2.7607      0.1803 
1.7191e+05     3.3745      0.1457 
1.7191e+05     4.1246      0.1209 
2.5809e+05     0.0100      2.0000 
2.5809e+05     0.0122      2.0000 
2.5809e+05     0.0149      2.0000 
2.5809e+05     0.0183      2.0000 
2.5809e+05     0.0223      2.0000 
2.5809e+05     0.0273      2.0000 
2.5809e+05     0.0333      2.0000 
2.5809e+05     0.0408      2.0000 
2.5809e+05     0.0498      2.0000 
2.5809e+05     0.0609      2.0000 
2.5809e+05     0.0744      2.0000 
2.5809e+05     0.0910      2.0000 
2.5809e+05     0.1112      2.0000 
2.5809e+05     0.1359      2.0000 
2.5809e+05     0.1662      2.0000 
2.5809e+05     0.2031      2.0000 
2.5809e+05     0.2482      2.0000 
2.5809e+05     0.3034      1.9348 
2.5809e+05     0.3709      1.5771 
2.5809e+05     0.4533      1.2910 
2.5809e+05     0.5541      1.0557 
2.5809e+05     0.6773      0.8635 
2.5809e+05     0.8278      0.7080 
2.5809e+05     1.0119      0.5794 
2.5809e+05     1.2368      0.4764 
2.5809e+05     1.5118      0.3885 
2.5809e+05     1.8478      0.3194 
2.5809e+05     2.2586      0.2619 
2.5809e+05     2.7607      0.2134 
2.5809e+05     3.3745      0.1746 
2.5809e+05     4.1246      0.1450 
2.5809e+05     5.0416      0.1145 
3.8747e+05     0.0100      2.0000 
3.8747e+05     0.0122      2.0000 
3.8747e+05     0.0149      2.0000 
3.8747e+05     0.0183      2.0000 
3.8747e+05     0.0223      2.0000 
3.8747e+05     0.0273      2.0000 
3.8747e+05     0.0333      2.0000 
3.8747e+05     0.0408      2.0000 
3.8747e+05     0.0498      2.0000 
3.8747e+05     0.0609      2.0000 
3.8747e+05     0.0744      2.0000 
3.8747e+05     0.0910      2.0000 
3.8747e+05     0.1112      2.0000 
3.8747e+05     0.1359      2.0000 
3.8747e+05     0.1662      2.0000 
3.8747e+05     0.2031      2.0000 
3.8747e+05     0.2482      2.0000 
3.8747e+05     0.3034      2.0000 
3.8747e+05     0.3709      1.8783 
3.8747e+05     0.4533      1.5376 
3.8747e+05     0.5541      1.2586 
3.8747e+05     0.6773      1.0300 
3.8747e+05     0.8278      0.8442 
3.8747e+05     1.0119      0.6904 
3.8747e+05     1.2368      0.5653 
3.8747e+05     1.5118      0.4633 
3.8747e+05     1.8478      0.3790 
3.8747e+05     2.2586      0.3089 
3.8747e+05     2.7607      0.2565 
3.8747e+05     3.3745      0.2083 
3.8747e+05     4.1246      0.1719 
3.8747e+05     5.0416      0.1390 
3.8747e+05     6.1623      0.1132 
5.8171e+05     0.0100      2.0000 
5.8171e+05     0.0122      2.0000 
5.8171e+05     0.0149      2.0000 
5.8171e+05     0.0183      2.0000 
5.8171e+05     0.0223      2.0000 
5.8171e+05     0.0273      2.0000 
5.8171e+05     0.0333      2.0000 
5.8171e+05     0.0408      2.0000 
5.8171e+05     0.0498      2.0000 
5.8171e+05     0.0609      2.0000 
5.8171e+05     0.0744      2.0000 
5.8171e+05     0.0910      2.0000 
5.8171e+05     0.1112      2.0000 
5.8171e+05     0.1359      2.0000 
5.8171e+05     0.1662      2.0000 
5.8171e+05     0.2031      2.0000 
5.8171e+05     0.2482      2.0000 
5.8171e+05     0.3034      2.0000 
5.8171e+05     0.3709      2.0000 
5.8171e+05     0.4533      1.8315 
5.8171e+05     0.5541      1.4994 
5.8171e+05     0.6773      1.2277 
5.8171e+05     0.8278      1.0055 
5.8171e+05     1.0119      0.8217 
5.8171e+05     1.2368      0.6741 
5.8171e+05     1.5118      0.5519 
5.8171e+05     1.8478      0.4504 
5.8171e+05     2.2586      0.3681 
5.8171e+05     2.7607      0.3037 
5.8171e+05     3.3745      0.2455 
5.8171e+05     4.1246      0.2046 
5.8171e+05     5.0416      0.1656 
5.8171e+05     6.1623      0.1365 
5.8171e+05     7.5322      0.1116 
8.7333e+05     0.0100      2.0000 
8.7333e+05     0.0122      2.0000 
8.7333e+05     0.0149      2.0000 
8.7333e+05     0.0183      2.0000 
8.7333e+05     0.0223      2.0000 
8.7333e+05     0.0273      2.0000 
8.7333e+05     0.0333      2.0000 
8.7333e+05     0.0408      2.0000 
8.7333e+05     0.0498      2.0000 
8.7333e+05     0.0609      2.0000 
8.7333e+05     0.0744      2.0000 
8.7333e+05     0.0910      2.0000 
8.7333e+05     0.1112      2.0000 
8.7333e+05     0.1359      2.0000 
8.7333e+05     0.1662      2.0000 
8.7333e+05     0.2031      2.0000 
8.7333e+05     0.2482      2.0000 
8.7333e+05     0.3034      2.0000 
8.7333e+05     0.3709      2.0000 
8.7333e+05     0.4533      2.0000 
8.7333e+05     0.5541      1.7889 
8.7333e+05     0.6773      1.4643 
8.7333e+05     0.8278      1.1973 
8.7333e+05     1.0119      0.9794 
8.7333e+05     1.2368      0.8019 
8.7333e+05     1.5118      0.6559 
8.7333e+05     1.8478      0.5369 
8.7333e+05     2.2586      0.4407 
8.7333e+05     2.7607      0.3618 
8.7333e+05     3.3745      0.2936 
8.7333e+05     4.1246      0.2435 
8.7333e+05     5.0416      0.1970 
8.7333e+05     6.1623      0.1610 
8.7333e+05     7.5322      0.1330 
8.7333e+05     9.2067      0.1099 
1.3111e+06     0.0100      2.0000 
1.3111e+06     0.0122      2.0000 
1.3111e+06     0.0149      2.0000 
1.3111e+06     0.0183      2.0000 
1.3111e+06     0.0223      2.0000 
1.3111e+06     0.0273      2.0000 
1.3111e+06     0.0333      2.0000 
1.3111e+06     0.0408      2.0000 
1.3111e+06     0.0498      2.0000 
1.3111e+06     0.0609      2.0000 
1.3111e+06     0.0744      2.0000 
1.3111e+06     0.0910      2.0000 
1.3111e+06     0.1112      2.0000 
1.3111e+06     0.1359      2.0000 
1.3111e+06     0.1662      2.0000 
1.3111e+06     0.2031      2.0000 
1.3111e+06     0.2482      2.0000 
1.3111e+06     0.3034      2.0000 
1.3111e+06     0.3709      2.0000 
1.3111e+06     0.4533      2.0000 
1.3111e+06     0.5541      2.0000 
1.3111e+06     0.6773      1.7458 
1.3111e+06     0.8278      1.4285 
1.3111e+06     1.0119      1.1683 
1.3111e+06     1.2368      0.9543 
1.3111e+06     1.5118      0.7805 
1.3111e+06     1.8478      0.6417 
1.3111e+06     2.2586      0.5249 
1.3111e+06     2.7607      0.4304 
1.3111e+06     3.3745      0.3515 
1.3111e+06     4.1246      0.2879 
1.3111e+06     5.0416      0.2349 
1.3111e+06     6.1623      0.1928 
1.3111e+06     7.5322      0.1586 
1.3111e+06     9.2067      0.1308 
1.3111e+06     11.2534      0.1080 
1.9684e+06     0.0100      2.0000 
1.9684e+06     0.0122      2.0000 
1.9684e+06     0.0149      2.0000 
1.9684e+06     0.0183      2.0000 
1.9684e+06     0.0223      2.0000 
1.9684e+06     0.0273      2.0000 
1.9684e+06     0.0333      2.0000 
1.9684e+06     0.0408      2.0000 
1.9684e+06     0.0498      2.0000 
1.9684e+06     0.0609      2.0000 
1.9684e+06     0.0744      2.0000 
1.9684e+06     0.0910      2.0000 
1.9684e+06     0.1112      2.0000 
1.9684e+06     0.1359      2.0000 
1.9684e+06     0.1662      2.0000 
1.9684e+06     0.2031      2.0000 
1.9684e+06     0.2482      2.0000 
1.9684e+06     0.3034      2.0000 
1.9684e+06     0.3709      2.0000 
1.9684e+06     0.4533      2.0000 
1.9684e+06     0.5541      2.0000 
1.9684e+06     0.6773      2.0000 
1.9684e+06     0.8278      1.6999 
1.9684e+06     1.0119      1.3905 
1.9684e+06     1.2368      1.1380 
1.9684e+06     1.5118      0.9314 
1.9684e+06     1.8478      0.7634 
1.9684e+06     2.2586      0.6228 
1.9684e+06     2.7607      0.5099 
1.9684e+06     3.3745      0.4184 
1.9684e+06     4.1246      0.3416 
1.9684e+06     5.0416      0.2789 
1.9684e+06     6.1623      0.2285 
1.9684e+06     7.5322      0.1894 
1.9684e+06     9.2067      0.1550 
1.9684e+06     11.2534      0.1266 
1.9684e+06     13.7550      0.1054 
2.9552e+06     0.0100      2.0000 
2.9552e+06     0.0122      2.0000 
2.9552e+06     0.0149      2.0000 
2.9552e+06     0.0183      2.0000 
2.9552e+06     0.0223      2.0000 
2.9552e+06     0.0273      2.0000 
2.9552e+06     0.0333      2.0000 
2.9552e+06     0.0408      2.0000 
2.9552e+06     0.0498      2.0000 
2.9552e+06     0.0609      2.0000 
2.9552e+06     0.0744      2.0000 
2.9552e+06     0.0910      2.0000 
2.9552e+06     0.1112      2.0000 
2.9552e+06     0.1359      2.0000 
2.9552e+06     0.1662      2.0000 
2.9552e+06     0.2031      2.0000 
2.9552e+06     0.2482      2.0000 
2.9552e+06     0.3034      2.0000 
2.9552e+06     0.3709      2.0000 
2.9552e+06     0.4533      2.0000 
2.9552e+06     0.5541      2.0000 
2.9552e+06     0.6773      2.0000 
2.9552e+06     0.8278      2.0000 
2.9552e+06     1.0119      1.6565 
2.9552e+06     1.2368      1.3562 
2.9552e+06     1.5118      1.1105 
2.9552e+06     1.8478      0.9094 
2.9552e+06     2.2586      0.7452 
2.9552e+06     2.7607      0.6101 
2.9552e+06     3.3745      0.4996 
2.9552e+06     4.1246      0.4078 
2.9552e+06     5.0416      0.3341 
2.9552e+06     6.1623      0.2748 
2.9552e+06     7.5322      0.2244 
2.9552e+06     9.2067      0.1826 
2.9552e+06     11.2534      0.1498 
2.9552e+06     13.7550      0.1242 
2.9552e+06     16.8128      0.1002 
4.4367e+06     0.0100      2.0000 
4.4367e+06     0.0122      2.0000 
4.4367e+06     0.0149      2.0000 
4.4367e+06     0.0183      2.0000 
4.4367e+06     0.0223      2.0000 
4.4367e+06     0.0273      2.0000 
4.4367e+06     0.0333      2.0000 
4.4367e+06     0.0408      2.0000 
4.4367e+06     0.0498      2.0000 
4.4367e+06     0.0609      2.0000 
4.4367e+06     0.0744      2.0000 
4.4367e+06     0.0910      2.0000 
4.4367e+06     0.1112      2.0000 
4.4367e+06     0.1359      2.0000 
4.4367e+06     0.1662      2.0000 
4.4367e+06     0.2031      2.0000 
4.4367e+06     0.2482      2.0000 
4.4367e+06     0.3034      2.0000 
4.4367e+06     0.3709      2.0000 
4.4367e+06     0.4533      2.0000 
4.4367e+06     0.5541      2.0000 
4.4367e+06     0.6773      2.0000 
4.4367e+06     0.8278      2.0000 
4.4367e+06     1.0119      1.9738 
4.4367e+06     1.2368      1.6136 
4.4367e+06     1.5118      1.3230 
4.4367e+06     1.8478      1.0825 
4.4367e+06     2.2586      0.8872 
4.4367e+06     2.7607      0.7236 
4.4367e+06     3.3745      0.5928 
4.4367e+06     4.1246      0.4851 
4.4367e+06     5.0416      0.3976 
4.4367e+06     6.1623      0.3266 
4.4367e+06     7.5322      0.2669 
4.4367e+06     9.2067      0.2173 
4.4367e+06     11.2534      0.1804 
4.4367e+06     13.7550      0.1457 
4.4367e+06     16.8128      0.1209 
4.4367e+06     20.5504      0.0979 
6.6608e+06     0.0100      2.0000 
6.6608e+06     0.0122      2.0000 
6.6608e+06     0.0149      2.0000 
6.6608e+06     0.0183      2.0000 
6.6608e+06     0.0223      2.0000 
6.6608e+06     0.0273      2.0000 
6.6608e+06     0.0333      2.0000 
6.6608e+06     0.0408      2.0000 
6.6608e+06     0.0498      2.0000 
6.6608e+06     0.0609      2.0000 
6.6608e+06     0.0744      2.0000 
6.6608e+06     0.0910      2.0000 
6.6608e+06     0.1112      2.0000 
6.6608e+06     0.1359      2.0000 
6.6608e+06     0.1662      2.0000 
6.6608e+06     0.2031      2.0000 
6.6608e+06     0.2482      2.0000 
6.6608e+06     0.3034      2.0000 
6.6608e+06     0.3709      2.0000 
6.6608e+06     0.4533      2.0000 
6.6608e+06     0.5541      2.0000 
6.6608e+06     0.6773      2.0000 
6.6608e+06     0.8278      2.0000 
6.6608e+06     1.0119      2.0000 
6.6608e+06     1.2368      1.9315 
6.6608e+06     1.5118      1.5754 
6.6608e+06     1.8478      1.2877 
6.6608e+06     2.2586      1.0555 
6.6608e+06     2.7607      0.8627 
6.6608e+06     3.3745      0.7079 
6.6608e+06     4.1246      0.5780 
6.6608e+06     5.0416      0.4764 
6.6608e+06     6.1623      0.3882 
6.6608e+06     7.5322      0.3190 
6.6608e+06     9.2067      0.2618 
6.6608e+06     11.2534      0.2133 
6.6608e+06     13.7550      0.1746 
6.6608e+06     16.8128      0.1450 
6.6608e+06     20.5504      0.1145 
6.6608e+06     25.1189      0.0976 
1.0000e+07     0.0100      2.0000 
1.0000e+07     0.0122      2.0000 
1.0000e+07     0.0149      2.0000 
1.0000e+07     0.0183      2.0000 
1.0000e+07     0.0223      2.0000 
1.0000e+07     0.0273      2.0000 
1.0000e+07     0.0333      2.0000 
1.0000e+07     0.0408      2.0000 
1.0000e+07     0.0498      2.0000 
1.0000e+07     0.0609      2.0000 
1.0000e+07     0.0744      2.0000 
1.0000e+07     0.0910      2.0000 
1.0000e+07     0.1112      2.0000 
1.0000e+07     0.1359      2.0000 
1.0000e+07     0.1662      2.0000 
1.0000e+07     0.2031      2.0000 
1.0000e+07     0.2482      2.0000 
1.0000e+07     0.3034      2.0000 
1.0000e+07     0.3709      2.0000 
1.0000e+07     0.4533      2.0000 
1.0000e+07     0.5541      2.0000 
1.0000e+07     0.6773      2.0000 
1.0000e+07     0.8278      2.0000 
1.0000e+07     1.0119      2.0000 
1.0000e+07     1.2368      2.0000 
1.0000e+07     1.5118      1.8792 
1.0000e+07     1.8478      1.5362 
1.0000e+07     2.2586      1.2568 
1.0000e+07     2.7607      1.0287 
1.0000e+07     3.3745      0.8431 
1.0000e+07     4.1246      0.6887 
1.0000e+07     5.0416      0.5653 
1.0000e+07     6.1623      0.4627 
1.0000e+07     7.5322      0.3782 
1.0000e+07     9.2067      0.3085 
1.0000e+07     11.2534      0.2562 
1.0000e+07     13.7550      0.2080 
1.0000e+07     16.8128      0.1718 
1.0000e+07     20.5504      0.1389 
1.0000e+07     25.1189      0.1131 
